"(Integer_Variable_0 = 1) xor (Integer_Variable_1 <= 1)",10
"(Integer_Variable_0 != 1) or (Integer_Variable_1 <= 0)",396
"Integer_Variable_0 != #(StackAr.theArray)",13
"Integer_Variable_0 <= Integer_Variable_1 % -1",14
"(Integer_Variable_0 = Integer_Variable_1) iff (Integer_Variable_1 != 0)",144
"Integer_Variable_0 <= #(StackAr.theArray)",17
"(Integer_Variable_0 < -1) or (Integer_Variable_1 != 1)",19
"(Integer_Variable_0 != 0) xor (Integer_Variable_1 >= 1)",149
"Integer_Variable_0 < Integer_Variable_1 / -1",150
"(Integer_Variable_0 >= -1) implies (Integer_Variable_1 < 1)",408
"(Integer_Variable_0 != 0) implies (Integer_Variable_1 <= 1)",409
"(Integer_Variable_0 <= 0) xor (Integer_Variable_1 = 1)",283
"(Integer_Variable_0 >= 1) or (Integer_Variable_1 != 1)",415
"Integer_Variable_0 <= Integer_Variable_1 % 1",296
"(Integer_Variable_0 >= 1) implies (Integer_Variable_1 < -1)",170
"(Integer_Variable_0 = 1) xor (Integer_Variable_1 < 1)",171
"Integer_Variable_0 < #(StackAr.theArray)",45
"Integer_Variable_0 <= Integer_Variable_1 * -1",305
"(Integer_Variable_0 <= Integer_Variable_1) xor (Integer_Variable_1 = 1)",178
"Integer_Variable_0 <= Integer_Variable_1 / -1",57
"Integer_Variable_0 <= Integer_Variable_1 * 0",321
"Integer_Variable_0 != Integer_Variable_1 * -1",352
"(Integer_Variable_0 > 0) xor (Integer_Variable_1 < 1)",97
"Integer_Variable_0 < Integer_Variable_1 * -1",98
"Integer_Variable_0 >= Integer_Variable_1 - 1",375
