"PREDICTED","301"
