"RANDOM","43","19","121","172","46","73","80","158","113","115","281","42","164","7","78","155","17","186","122","69","38","101","137","51","95","154","32","74","174","148","147","12","97","85","140","150","77","126","31","187","87","90","168","14","107","171","84","105","167","132","191","143","161","64","54","30","65","53"
